apples,oranges,grapes,mangoes
20,25,42,35
40,50,84,70
80,100,168,140
160,200,336,280
320,400,672,560
640,800,1344,1120
1280,1600,2688,2240
2560,3200,5376,4480
5120,6400,10752,8960
